Date,Positive Total,Positive New,Probable Total,Probable New
1/29/2020,1,1,0,0
1/30/2020,1,0,0,0
1/31/2020,1,0,0,0
2/1/2020,1,0,0,0
2/2/2020,1,0,0,0
2/3/2020,1,0,0,0
2/4/2020,1,0,0,0
2/5/2020,1,0,0,0
2/6/2020,2,1,0,0
2/7/2020,2,0,0,0
2/8/2020,2,0,0,0
2/9/2020,2,0,0,0
2/10/2020,2,0,0,0
2/11/2020,2,0,0,0
2/12/2020,2,0,0,0
2/13/2020,2,0,0,0
2/14/2020,2,0,0,0
2/15/2020,2,0,0,0
2/16/2020,2,0,0,0
2/17/2020,2,0,0,0
2/18/2020,2,0,0,0
2/19/2020,2,0,0,0
2/20/2020,2,0,0,0
2/21/2020,2,0,0,0
2/22/2020,2,0,0,0
2/23/2020,2,0,0,0
2/24/2020,2,0,0,0
2/25/2020,2,0,0,0
2/26/2020,2,0,0,0
2/27/2020,2,0,0,0
2/28/2020,2,0,0,0
2/29/2020,2,0,0,0
3/1/2020,3,1,3,3
3/2/2020,3,0,5,2
3/3/2020,4,1,8,3
3/4/2020,6,2,9,1
3/5/2020,14,8,12,3
3/6/2020,28,14,12,0
3/7/2020,72,44,15,3
3/8/2020,91,19,20,5
3/9/2020,96,5,24,4
3/10/2020,110,14,30,6
3/11/2020,132,22,35,5
3/12/2020,161,29,39,4
3/13/2020,222,61,44,5
3/14/2020,295,73,48,4
3/15/2020,363,68,54,6
3/16/2020,513,150,57,3
3/17/2020,762,249,65,8
3/18/2020,1021,259,72,7
3/19/2020,1299,278,78,6
3/20/2020,1687,388,89,11
3/21/2020,2008,321,98,9
3/22/2020,2294,286,102,4
3/23/2020,2903,609,113,11
3/24/2020,3621,718,124,11
3/25/2020,4367,746,135,11
3/26/2020,5303,936,139,4
3/27/2020,6246,943,145,6
3/28/2020,6901,655,153,8
3/29/2020,7424,523,158,5
3/30/2020,8662,1238,160,2
3/31/2020,9927,1265,164,4
4/1/2020,11264,1337,169,5
4/2/2020,12542,1278,175,6
4/3/2020,14022,1480,183,8
4/4/2020,15185,1163,189,6
4/5/2020,16161,976,197,8
4/6/2020,18093,1932,203,6
4/7/2020,20115,2022,212,9
4/8/2020,21979,1864,221,9
4/9/2020,23957,1978,232,11
4/10/2020,26011,2054,240,8
4/11/2020,27308,1297,248,8
4/12/2020,28237,929,261,13
4/13/2020,30239,2002,267,6
4/14/2020,33110,2871,272,5
4/15/2020,35710,2600,286,14
4/16/2020,38098,2388,294,8
4/17/2020,41105,3007,312,18
4/18/2020,42587,1482,319,7
4/19/2020,43677,1090,323,4
4/20/2020,46372,2695,336,13
4/21/2020,48567,2195,354,18
4/22/2020,51282,2715,384,30
4/23/2020,53689,2407,411,27
4/24/2020,55972,2283,476,65
4/25/2020,57469,1497,498,22
4/26/2020,58316,847,528,30
4/27/2020,60446,2130,599,71
4/28/2020,62553,2107,662,63
4/29/2020,64743,2190,746,84
4/30/2020,66791,2048,847,101
5/1/2020,68875,2084,942,95
5/2/2020,69906,1031,1000,58
5/3/2020,70641,735,1033,33
5/4/2020,72522,1881,1169,136
5/5/2020,74260,1738,1297,128
5/6/2020,75962,1702,1438,141
5/7/2020,77645,1683,1560,122
5/8/2020,79105,1460,1654,94
5/9/2020,79789,684,1686,32
5/10/2020,80175,386,1747,61
5/11/2020,81487,1312,1858,111
5/12/2020,82943,1456,1975,117
5/13/2020,84264,1321,2105,130
5/14/2020,85580,1316,2232,127
5/15/2020,86689,1109,2327,95
5/16/2020,87340,651,2365,38
5/17/2020,87704,364,2413,48
5/18/2020,89021,1317,2513,100
5/19/2020,90101,1080,2634,121
5/20/2020,91123,1022,2740,106
5/21/2020,92101,978,2880,140
5/22/2020,92967,866,2990,110
5/23/2020,93357,390,3027,37
5/24/2020,93658,301,3067,40
5/25/2020,93856,198,3125,58
5/26/2020,94723,867,3225,100
5/27/2020,95417,694,3332,107
5/28/2020,96063,646,3451,119
5/29/2020,96596,533,3545,94
5/30/2020,96867,271,3581,36
5/31/2020,97029,162,3616,35
6/1/2020,97538,509,3681,65
6/2/2020,97985,447,3732,51
6/3/2020,98447,462,3807,75
6/4/2020,98830,383,3859,52
6/5/2020,99170,340,3951,92
6/6/2020,99319,149,3983,32
6/7/2020,99470,151,4003,20
6/8/2020,99826,356,4074,71
6/9/2020,100171,345,4154,80
6/10/2020,100428,257,4255,101
6/11/2020,100657,229,4334,79
6/12/2020,100913,256,4386,52
6/13/2020,101011,98,4405,19
6/14/2020,101087,76,4432,27
6/15/2020,101322,235,4508,76
6/16/2020,101522,200,4567,59
6/17/2020,101770,248,4656,89
6/18/2020,102012,242,4726,70
6/19/2020,102188,176,4784,58
6/20/2020,102282,94,4803,19
6/21/2020,102360,78,4818,15
6/22/2020,102589,229,4886,68
6/23/2020,102777,188,4975,89
6/24/2020,102988,211,5043,68
6/25/2020,103194,206,5122,79
6/26/2020,103394,200,5199,77
6/27/2020,103529,135,5219,20
6/28/2020,103598,69,5239,20
6/29/2020,103799,201,5308,69
6/30/2020,104016,217,5405,97
7/1/2020,104234,218,5515,110
7/2/2020,104458,224,5616,101
7/3/2020,104556,98,5675,59
7/4/2020,104618,62,5690,15
7/5/2020,104719,101,5723,33
7/6/2020,104960,241,5789,66
7/7/2020,105199,239,5894,105
7/8/2020,105414,215,5971,77
7/9/2020,105664,250,6063,92
7/10/2020,105887,223,6195,132
7/11/2020,106001,114,6237,42
7/12/2020,106091,90,6276,39
7/13/2020,106339,248,6388,112
7/14/2020,106538,199,6459,71
7/15/2020,106772,234,6546,87
7/16/2020,106973,201,6634,88
7/17/2020,107142,169,6755,121
7/18/2020,107246,104,6826,71
7/19/2020,107310,64,6865,39
7/20/2020,107508,198,6911,46
7/21/2020,107634,126,6947,36
7/22/2020,107683,49,6963,16
7/23/2020,107683,0,6964,1
