Date,Positive Total,Positive New,Probable Total,Probable New
1/29/2020,1,1,0,0
1/30/2020,1,0,0,0
1/31/2020,1,0,0,0
2/1/2020,1,0,0,0
2/2/2020,1,0,0,0
2/3/2020,1,0,0,0
2/4/2020,1,0,0,0
2/5/2020,1,0,0,0
2/6/2020,2,1,0,0
2/7/2020,2,0,0,0
2/8/2020,2,0,0,0
2/9/2020,2,0,0,0
2/10/2020,2,0,0,0
2/11/2020,2,0,0,0
2/12/2020,2,0,0,0
2/13/2020,2,0,0,0
2/14/2020,2,0,0,0
2/15/2020,2,0,0,0
2/16/2020,2,0,0,0
2/17/2020,2,0,0,0
2/18/2020,2,0,0,0
2/19/2020,2,0,0,0
2/20/2020,2,0,0,0
2/21/2020,2,0,0,0
2/22/2020,2,0,0,0
2/23/2020,2,0,0,0
2/24/2020,2,0,0,0
2/25/2020,2,0,0,0
2/26/2020,2,0,0,0
2/27/2020,2,0,0,0
2/28/2020,2,0,0,0
2/29/2020,2,0,0,0
3/1/2020,3,1,3,3
3/2/2020,3,0,5,2
3/3/2020,4,1,8,3
3/4/2020,6,2,9,1
3/5/2020,14,8,12,3
3/6/2020,28,14,12,0
3/7/2020,72,44,15,3
3/8/2020,91,19,20,5
3/9/2020,96,5,24,4
3/10/2020,110,14,30,6
3/11/2020,132,22,35,5
3/12/2020,161,29,39,4
3/13/2020,222,61,44,5
3/14/2020,295,73,48,4
3/15/2020,363,68,54,6
3/16/2020,513,150,57,3
3/17/2020,762,249,65,8
3/18/2020,1021,259,72,7
3/19/2020,1299,278,78,6
3/20/2020,1687,388,88,10
3/21/2020,2008,321,98,10
3/22/2020,2294,286,102,4
3/23/2020,2903,609,113,11
3/24/2020,3621,718,124,11
3/25/2020,4367,746,135,11
3/26/2020,5303,936,139,4
3/27/2020,6246,943,145,6
3/28/2020,6901,655,153,8
3/29/2020,7424,523,158,5
3/30/2020,8662,1238,160,2
3/31/2020,9927,1265,164,4
4/1/2020,11264,1337,169,5
4/2/2020,12541,1277,175,6
4/3/2020,14021,1480,183,8
4/4/2020,15184,1163,189,6
4/5/2020,16160,976,197,8
4/6/2020,18092,1932,203,6
4/7/2020,20114,2022,212,9
4/8/2020,21978,1864,220,8
4/9/2020,23956,1978,231,11
4/10/2020,26010,2054,239,8
4/11/2020,27306,1296,247,8
4/12/2020,28235,929,260,13
4/13/2020,30237,2002,266,6
4/14/2020,33110,2873,271,5
4/15/2020,35710,2600,285,14
4/16/2020,38098,2388,293,8
4/17/2020,41106,3008,311,18
4/18/2020,42588,1482,318,7
4/19/2020,43678,1090,322,4
4/20/2020,46373,2695,335,13
4/21/2020,48568,2195,353,18
4/22/2020,51283,2715,383,30
4/23/2020,53690,2407,410,27
4/24/2020,55973,2283,475,65
4/25/2020,57470,1497,497,22
4/26/2020,58318,848,527,30
4/27/2020,60448,2130,598,71
4/28/2020,62556,2108,661,63
4/29/2020,64746,2190,745,84
4/30/2020,66794,2048,845,100
5/1/2020,68879,2085,940,95
5/2/2020,69910,1031,998,58
5/3/2020,70645,735,1031,33
5/4/2020,72526,1881,1167,136
5/5/2020,74264,1738,1295,128
5/6/2020,75967,1703,1436,141
5/7/2020,77650,1683,1558,122
5/8/2020,79110,1460,1652,94
5/9/2020,79794,684,1684,32
5/10/2020,80180,386,1745,61
5/11/2020,81492,1312,1857,112
5/12/2020,82948,1456,1974,117
5/13/2020,84269,1321,2104,130
5/14/2020,85585,1316,2231,127
5/15/2020,86694,1109,2326,95
5/16/2020,87345,651,2364,38
5/17/2020,87709,364,2411,47
5/18/2020,89026,1317,2511,100
5/19/2020,90106,1080,2633,122
5/20/2020,91128,1022,2739,106
5/21/2020,92106,978,2879,140
5/22/2020,92972,866,2988,109
5/23/2020,93362,390,3025,37
5/24/2020,93663,301,3065,40
5/25/2020,93861,198,3122,57
5/26/2020,94728,867,3222,100
5/27/2020,95422,694,3330,108
5/28/2020,96068,646,3449,119
5/29/2020,96601,533,3543,94
5/30/2020,96872,271,3579,36
5/31/2020,97034,162,3614,35
6/1/2020,97543,509,3679,65
6/2/2020,97990,447,3730,51
6/3/2020,98452,462,3805,75
6/4/2020,98836,384,3857,52
6/5/2020,99177,341,3950,93
6/6/2020,99326,149,3981,31
6/7/2020,99477,151,4001,20
6/8/2020,99833,356,4072,71
6/9/2020,100178,345,4152,80
6/10/2020,100435,257,4253,101
6/11/2020,100664,229,4332,79
6/12/2020,100921,257,4384,52
6/13/2020,101019,98,4403,19
6/14/2020,101096,77,4430,27
6/15/2020,101331,235,4506,76
6/16/2020,101530,199,4566,60
6/17/2020,101778,248,4655,89
6/18/2020,102020,242,4724,69
6/19/2020,102196,176,4782,58
6/20/2020,102290,94,4801,19
6/21/2020,102368,78,4816,15
6/22/2020,102597,229,4886,70
6/23/2020,102784,187,4975,89
6/24/2020,102995,211,5044,69
6/25/2020,103201,206,5124,80
6/26/2020,103401,200,5203,79
6/27/2020,103536,135,5223,20
6/28/2020,103605,69,5243,20
6/29/2020,103805,200,5312,69
6/30/2020,104021,216,5407,95
7/1/2020,104239,218,5518,111
7/2/2020,104463,224,5621,103
7/3/2020,104561,98,5680,59
7/4/2020,104623,62,5694,14
7/5/2020,104724,101,5726,32
7/6/2020,104964,240,5792,66
7/7/2020,105203,239,5903,111
7/8/2020,105417,214,5980,77
7/9/2020,105635,218,6069,89
7/10/2020,105809,174,6205,136
7/11/2020,105889,80,6248,43
7/12/2020,105954,65,6287,39
7/13/2020,106136,182,6394,107
7/14/2020,106291,155,6437,43
7/15/2020,106484,193,6521,84
7/16/2020,106626,142,6555,34
7/17/2020,106664,38,6570,15
7/18/2020,106664,0,6574,4
